black: 0.012253252958308423
lighting: 0.014678573302109883
light: 0.014716040745977875
portrait: 0.0150558669243993
still: 0.015092252411912645
artstation: 0.015960335295657522
movie: 0.016744211470361366
detailed: 0.01820788865706925
film: 0.018512760335939002
from: 0.018579398571376145
with: 0.0188413489487689
cinematic: 0.022252665734085374
on: 0.023213943049934717
painting: 0.02401855756637353
art: 0.026286105205943152
in: 0.030281032578433637
and: 0.03822680127320981
the: 0.03823568483417309
by: 0.0396496715798214
of: 0.0416032167215498
