concept: 0.016716731319450562
focus: 0.0169873345367327
with: 0.017583479938880837
rutkowski: 0.018488978666437957
digital: 0.019471490183172367
greg: 0.020150229060815778
portrait: 0.020208126053094962
intricate: 0.020843111785259483
illustration: 0.020910966561758823
highly: 0.02173854442719503
artstation: 0.022305733411755777
the: 0.024366173492378976
on: 0.024966883315141797
painting: 0.027761433667036275
in: 0.02785434131668665
detailed: 0.031251311726633736
of: 0.04000259330264649
by: 0.044782418254747394
art: 0.04783296938000075
and: 0.053609681818467966
