beautiful: 0.013695362099913263
trending: 0.013951764912311813
greg: 0.013993259061072863
concept: 0.014280446569074956
intricate: 0.014615772082060214
lighting: 0.015471246743407685
highly: 0.016029339866660827
digital: 0.016240230930478716
with: 0.019037984614077824
portrait: 0.01951777591646355
artstation: 0.02042584883462467
on: 0.022664537705530098
painting: 0.022972092028099012
detailed: 0.025506342729673188
in: 0.027748140836982477
the: 0.029018116073227254
art: 0.0328796226533161
by: 0.03639920960825276
of: 0.03839166776550691
and: 0.0421122840500641
