artgerm: 0.01933604086854008
focus: 0.020426407892841832
intricate: 0.02069137977840065
sharp: 0.02101085434330433
concept: 0.021080043892044466
illustration: 0.02394641770770095
on: 0.024435827500380605
with: 0.02464698457676433
highly: 0.02487350245976121
painting: 0.025572639099864344
the: 0.027221308031916948
digital: 0.027262406367001377
artstation: 0.028101108938723113
in: 0.031179258941244528
portrait: 0.032822408707281044
detailed: 0.03612654467937403
by: 0.042585474469886225
of: 0.0434705962704143
art: 0.046648186227783266
and: 0.06437555168919086
