render: 0.01681521079081116
focus: 0.0177173475386676
sharp: 0.018353997216296117
intricate: 0.01856202445704621
concept: 0.0194567354962619
illustration: 0.0197924403327167
highly: 0.0218431002042503
digital: 0.02234454430142174
with: 0.022524991093707175
painting: 0.023386911636891168
the: 0.02419725533609068
on: 0.02439456704711363
artstation: 0.025559957899905596
portrait: 0.02722905426494715
in: 0.027495638325243266
detailed: 0.032524882714301435
by: 0.037937115239453666
of: 0.03939779639165105
art: 0.041027363710083024
and: 0.05149650089775701
